1 0.6290455484705196 0.774818401937046 0.769810985890496 0.774818401937046 0.769810985890496 0.847457627118644 0.6290455484705196 0.847457627118644
3 0.8225980249229872 0.4939467312348668 0.936969942826718 0.4939467312348668 0.936969942826718 0.5569007263922519 0.8225980249229872 0.5569007263922519
3 0.5938541891155255 0.576271186440678 0.6642369078255137 0.576271186440678 0.6642369078255137 0.6222760290556901 0.5938541891155255 0.6222760290556901
3 0.6290455484705196 0.6246973365617433 0.7126250269386306 0.6246973365617433 0.7126250269386306 0.6731234866828087 0.6290455484705196 0.6731234866828087
0 0.4905960457951048 0.2268784835848675 0.5533250662371744 0.2618225620534118 0.47038452367794453 0.30693222382065133 0.40765550323587496 0.271988145352107
2 0.35191359354994106 0.4648910411622277 0.4266952321793035 0.4648910411622277 0.4266952321793035 0.513317191283293 0.35191359354994106 0.513317191283293
2 0.4662855114536718 0.45520581113801445 0.6158487887123968 0.45520581113801445 0.6158487887123968 0.5447941888619855 0.4662855114536718 0.5447941888619855
2 0.6950293472611335 0.4600484261501211 0.7742099058098701 0.4600484261501211 0.7742099058098701 0.5012106537530266 0.6950293472611335 0.5012106537530266
2 0.3387168337918183 0.6150121065375302 0.40909955250180646 0.6150121065375302 0.40909955250180646 0.6610169491525424 0.3387168337918183 0.6610169491525424
2 0.3827060329855609 0.6585956416464892 0.48828011105054325 0.6585956416464892 0.48828011105054325 0.7215496368038741 0.3827060329855609 0.7215496368038741
2 0.7082261070192565 0.6489104116222761 0.8181991050036129 0.6489104116222761 0.8181991050036129 0.7094430992736078 0.7082261070192565 0.7094430992736078
2 0.6246466285511454 0.6876513317191282 0.6906304273417592 0.6876513317191282 0.6906304273417592 0.7191283292978208 0.6246466285511454 0.7191283292978208
2 0.5762585094380285 0.7360774818401937 0.6422423082286425 0.7360774818401937 0.6422423082286425 0.7796610169491526 0.5762585094380285 0.7796610169491526
2 0.39590279274368373 0.7917675544794192 0.5630617496799056 0.7917675544794192 0.5630617496799056 0.8837772397094433 0.39590279274368373 0.8837772397094433
2 0.8489915444392327 0.8087167070217917 0.9633634623429636 0.8087167070217917 0.9633634623429636 0.8644067796610169 0.8489915444392327 0.8644067796610169
