1 0.2418765450928803 0.6924939467312348 0.3826047167832834 0.6924939467312348 0.3826047167832834 0.767554479418886 0.2418765450928803 0.767554479418886
3 0.34742267386068265 0.450363196125908 0.42658227043653446 0.450363196125908 0.42658227043653446 0.5012106537530265 0.34742267386068265 0.5012106537530265
3 0.7388229013746163 0.5254237288135593 0.8135847425851429 0.5254237288135593 0.8135847425851429 0.5690072639225182 0.7388229013746163 0.5690072639225182
3 0.4265822704365344 0.8305084745762712 0.5585149313962873 0.8305084745762712 0.5585149313962873 0.8910411622276028 0.4265822704365344 0.8910411622276028
2 0.47500996299413867 0.22563218837677718 0.55407436480806 0.24051462357815184 0.5152035234016403 0.30311381062201254 0.4361391215877189 0.28823137542063787
2 0.45736655799381004 0.5036319612590798 0.6024924850495382 0.5036319612590798 0.6024924850495382 0.595641646489104 0.45736655799381004 0.595641646489104
2 0.8047892318544929 0.45278450363196115 0.9191308713529452 0.45278450363196115 0.9191308713529452 0.5181598062953995 0.8047892318544929 0.5181598062953995
2 0.6640610601640895 0.6610169491525423 0.7740049442972169 0.6610169491525423 0.7740049442972169 0.721549636803874 0.6640610601640895 0.721549636803874
2 0.6728565708947398 0.6053268765133171 0.7520161674705914 0.6053268765133171 0.7520161674705914 0.648910411622276 0.6728565708947398 0.648910411622276
2 0.5761059528575877 0.6489104116222759 0.6508677940681142 0.6489104116222759 0.6508677940681142 0.6973365617433412 0.5761059528575877 0.6973365617433412
2 0.4793553348204355 0.6997578692493945 0.6288790172414889 0.6997578692493945 0.6288790172414889 0.7845036319612588 0.4793553348204355 0.7845036319612588
2 0.4485710472631599 0.7845036319612589 0.5409239099349868 0.7845036319612589 0.5409239099349868 0.8232445520581114 0.4485710472631599 0.8232445520581114
2 0.365013695321983 0.6392251815980629 0.4485710472631599 0.6392251815980629 0.4485710472631599 0.6852300242130749 0.365013695321983 0.6852300242130749
2 0.12753490559442782 0.7457627118644068 0.23747878972755523 0.7457627118644068 0.23747878972755523 0.8135593220338984 0.12753490559442782 0.8135593220338984
2 0.15831919315170348 0.8401937046004843 0.2418765450928803 0.8401937046004843 0.2418765450928803 0.8813559322033898 0.15831919315170348 0.8813559322033898
